000004
000007
000008
000009
000014
000021
000023
000024
000025
000026
000029
000030
000031
000032
000033
000034
000035
000036
000037
000039
000041
000042
000045
000047
000048
000049
000050
000053
000055
000057
000058
000059
000062
000063
000064
000066
000068
000070
000071
000074
000076
000077
000079
000082
000084
000086
000088
000094
000096
000101
000103
000104
000105
000106
000108
000109
000110
000112
000115
000119
000121
000123
000124
000125
000126
000131
000133
000136
000137
000138
000139
000141
000147
000148
000150
000152
000153
000155
000157
000159
000161
000162
000163
000164
000166
000168
000170
000174
000175
000176
000178
000180
000183
000185
000188
000191
000193
000194
000196
000197
000198
000201
000202
000204
000205
000206
000207
000209
000210
000211
000213
000214
000216
000217
000218
000219
000225
000229
000230
000233
000235
000236
000238
000239
000241
000247
000250
000251
000252
000254
000255
000256
000257
000258
000259
000261
000262
000263
000265
000268
000272
000274
000275
000277
000279
000281
000283
000285
000286
000289
000290
000293
000294
000296
000297
000299
000300
000305
000306
000307
000308
000309
000311
000314
000315
000316
000317
000318
000320
000324
000326
000330
000333
000336
000337
000338
000340
000341
000344
000345
000346
000347
000352
000353
000354
000355
000357
000360
000361
000364
000367
000369
000372
000380
000391
000392
000394
000395
000398
000402
000403
000404
000405
000406
000407
000410
000412
000415
000424
000425
000427
000428
000430
000433
000434
000435
000436
000437
000438
000440
000442
000443
000445
000446
000447
000449
